{
 "cells": [
  {
   "cell_type": "code",
   "execution_count": 2,
   "metadata": {
    "colab": {
     "base_uri": "https://localhost:8080/",
     "height": 316
    },
    "executionInfo": {
     "elapsed": 108,
     "status": "error",
     "timestamp": 1757986796956,
     "user": {
      "displayName": "Yongha Cho",
      "userId": "14871213426058282150"
     },
     "user_tz": 240
    },
    "id": "EYnmeX8q9QA8",
    "outputId": "f5ca81fc-08e2-4306-8ac4-7aa314c0c96c"
   },
   "outputs": [],
   "source": [
    "import pandas as pd\n",
    "\n",
    "bostonDF = pd.read_csv('/Users/yongyong7777/Documents/ML_practice/data/boston_house_prices.csv')"
   ]
  },
  {
   "cell_type": "code",
   "execution_count": 3,
   "metadata": {
    "colab": {
     "base_uri": "https://localhost:8080/",
     "height": 423
    },
    "executionInfo": {
     "elapsed": 396,
     "status": "ok",
     "timestamp": 1693125877348,
     "user": {
      "displayName": "Yongha Cho",
      "userId": "14871213426058282150"
     },
     "user_tz": 240
    },
    "id": "IQv4vgi49hyw",
    "outputId": "85d4b2d8-b4f4-46ae-cd39-bc8c0bbd51e4"
   },
   "outputs": [
    {
     "data": {
      "text/html": [
       "<div>\n",
       "<style scoped>\n",
       "    .dataframe tbody tr th:only-of-type {\n",
       "        vertical-align: middle;\n",
       "    }\n",
       "\n",
       "    .dataframe tbody tr th {\n",
       "        vertical-align: top;\n",
       "    }\n",
       "\n",
       "    .dataframe thead th {\n",
       "        text-align: right;\n",
       "    }\n",
       "</style>\n",
       "<table border=\"1\" class=\"dataframe\">\n",
       "  <thead>\n",
       "    <tr style=\"text-align: right;\">\n",
       "      <th></th>\n",
       "      <th>CRIM</th>\n",
       "      <th>ZN</th>\n",
       "      <th>INDUS</th>\n",
       "      <th>CHAS</th>\n",
       "      <th>NOX</th>\n",
       "      <th>RM</th>\n",
       "      <th>AGE</th>\n",
       "      <th>DIS</th>\n",
       "      <th>RAD</th>\n",
       "      <th>TAX</th>\n",
       "      <th>PTRATIO</th>\n",
       "      <th>B</th>\n",
       "      <th>LSTAT</th>\n",
       "      <th>MEDV</th>\n",
       "    </tr>\n",
       "  </thead>\n",
       "  <tbody>\n",
       "    <tr>\n",
       "      <th>0</th>\n",
       "      <td>0.00632</td>\n",
       "      <td>18.0</td>\n",
       "      <td>2.31</td>\n",
       "      <td>0</td>\n",
       "      <td>0.538</td>\n",
       "      <td>6.575</td>\n",
       "      <td>65.2</td>\n",
       "      <td>4.0900</td>\n",
       "      <td>1</td>\n",
       "      <td>296</td>\n",
       "      <td>15.3</td>\n",
       "      <td>396.90</td>\n",
       "      <td>4.98</td>\n",
       "      <td>24.0</td>\n",
       "    </tr>\n",
       "    <tr>\n",
       "      <th>1</th>\n",
       "      <td>0.02731</td>\n",
       "      <td>0.0</td>\n",
       "      <td>7.07</td>\n",
       "      <td>0</td>\n",
       "      <td>0.469</td>\n",
       "      <td>6.421</td>\n",
       "      <td>78.9</td>\n",
       "      <td>4.9671</td>\n",
       "      <td>2</td>\n",
       "      <td>242</td>\n",
       "      <td>17.8</td>\n",
       "      <td>396.90</td>\n",
       "      <td>9.14</td>\n",
       "      <td>21.6</td>\n",
       "    </tr>\n",
       "    <tr>\n",
       "      <th>2</th>\n",
       "      <td>0.02729</td>\n",
       "      <td>0.0</td>\n",
       "      <td>7.07</td>\n",
       "      <td>0</td>\n",
       "      <td>0.469</td>\n",
       "      <td>7.185</td>\n",
       "      <td>61.1</td>\n",
       "      <td>4.9671</td>\n",
       "      <td>2</td>\n",
       "      <td>242</td>\n",
       "      <td>17.8</td>\n",
       "      <td>392.83</td>\n",
       "      <td>4.03</td>\n",
       "      <td>34.7</td>\n",
       "    </tr>\n",
       "    <tr>\n",
       "      <th>3</th>\n",
       "      <td>0.03237</td>\n",
       "      <td>0.0</td>\n",
       "      <td>2.18</td>\n",
       "      <td>0</td>\n",
       "      <td>0.458</td>\n",
       "      <td>6.998</td>\n",
       "      <td>45.8</td>\n",
       "      <td>6.0622</td>\n",
       "      <td>3</td>\n",
       "      <td>222</td>\n",
       "      <td>18.7</td>\n",
       "      <td>394.63</td>\n",
       "      <td>2.94</td>\n",
       "      <td>33.4</td>\n",
       "    </tr>\n",
       "    <tr>\n",
       "      <th>4</th>\n",
       "      <td>0.06905</td>\n",
       "      <td>0.0</td>\n",
       "      <td>2.18</td>\n",
       "      <td>0</td>\n",
       "      <td>0.458</td>\n",
       "      <td>7.147</td>\n",
       "      <td>54.2</td>\n",
       "      <td>6.0622</td>\n",
       "      <td>3</td>\n",
       "      <td>222</td>\n",
       "      <td>18.7</td>\n",
       "      <td>396.90</td>\n",
       "      <td>5.33</td>\n",
       "      <td>36.2</td>\n",
       "    </tr>\n",
       "  </tbody>\n",
       "</table>\n",
       "</div>"
      ],
      "text/plain": [
       "      CRIM    ZN  INDUS  CHAS    NOX     RM   AGE     DIS  RAD  TAX  PTRATIO  \\\n",
       "0  0.00632  18.0   2.31     0  0.538  6.575  65.2  4.0900    1  296     15.3   \n",
       "1  0.02731   0.0   7.07     0  0.469  6.421  78.9  4.9671    2  242     17.8   \n",
       "2  0.02729   0.0   7.07     0  0.469  7.185  61.1  4.9671    2  242     17.8   \n",
       "3  0.03237   0.0   2.18     0  0.458  6.998  45.8  6.0622    3  222     18.7   \n",
       "4  0.06905   0.0   2.18     0  0.458  7.147  54.2  6.0622    3  222     18.7   \n",
       "\n",
       "        B  LSTAT  MEDV  \n",
       "0  396.90   4.98  24.0  \n",
       "1  396.90   9.14  21.6  \n",
       "2  392.83   4.03  34.7  \n",
       "3  394.63   2.94  33.4  \n",
       "4  396.90   5.33  36.2  "
      ]
     },
     "execution_count": 3,
     "metadata": {},
     "output_type": "execute_result"
    }
   ],
   "source": [
    "bostonDF.head()"
   ]
  },
  {
   "cell_type": "code",
   "execution_count": 5,
   "metadata": {
    "colab": {
     "base_uri": "https://localhost:8080/",
     "height": 508
    },
    "executionInfo": {
     "elapsed": 418,
     "status": "ok",
     "timestamp": 1693125882502,
     "user": {
      "displayName": "Yongha Cho",
      "userId": "14871213426058282150"
     },
     "user_tz": 240
    },
    "id": "gOLRxVfh9jPs",
    "outputId": "a1f6222b-35e9-4a5a-fc2f-3b6b87e94d0d"
   },
   "outputs": [
    {
     "data": {
      "text/html": [
       "<div>\n",
       "<style scoped>\n",
       "    .dataframe tbody tr th:only-of-type {\n",
       "        vertical-align: middle;\n",
       "    }\n",
       "\n",
       "    .dataframe tbody tr th {\n",
       "        vertical-align: top;\n",
       "    }\n",
       "\n",
       "    .dataframe thead th {\n",
       "        text-align: right;\n",
       "    }\n",
       "</style>\n",
       "<table border=\"1\" class=\"dataframe\">\n",
       "  <thead>\n",
       "    <tr style=\"text-align: right;\">\n",
       "      <th></th>\n",
       "      <th>CRIM</th>\n",
       "      <th>ZN</th>\n",
       "      <th>INDUS</th>\n",
       "      <th>CHAS</th>\n",
       "      <th>NOX</th>\n",
       "      <th>RM</th>\n",
       "      <th>AGE</th>\n",
       "      <th>DIS</th>\n",
       "      <th>RAD</th>\n",
       "      <th>TAX</th>\n",
       "      <th>PTRATIO</th>\n",
       "      <th>B</th>\n",
       "      <th>LSTAT</th>\n",
       "      <th>MEDV</th>\n",
       "    </tr>\n",
       "  </thead>\n",
       "  <tbody>\n",
       "    <tr>\n",
       "      <th>CRIM</th>\n",
       "      <td>1.000000</td>\n",
       "      <td>-0.200469</td>\n",
       "      <td>0.406583</td>\n",
       "      <td>-0.055892</td>\n",
       "      <td>0.420972</td>\n",
       "      <td>-0.219247</td>\n",
       "      <td>0.352734</td>\n",
       "      <td>-0.379670</td>\n",
       "      <td>0.625505</td>\n",
       "      <td>0.582764</td>\n",
       "      <td>0.289946</td>\n",
       "      <td>-0.385064</td>\n",
       "      <td>0.455621</td>\n",
       "      <td>-0.388305</td>\n",
       "    </tr>\n",
       "    <tr>\n",
       "      <th>ZN</th>\n",
       "      <td>-0.200469</td>\n",
       "      <td>1.000000</td>\n",
       "      <td>-0.533828</td>\n",
       "      <td>-0.042697</td>\n",
       "      <td>-0.516604</td>\n",
       "      <td>0.311991</td>\n",
       "      <td>-0.569537</td>\n",
       "      <td>0.664408</td>\n",
       "      <td>-0.311948</td>\n",
       "      <td>-0.314563</td>\n",
       "      <td>-0.391679</td>\n",
       "      <td>0.175520</td>\n",
       "      <td>-0.412995</td>\n",
       "      <td>0.360445</td>\n",
       "    </tr>\n",
       "    <tr>\n",
       "      <th>INDUS</th>\n",
       "      <td>0.406583</td>\n",
       "      <td>-0.533828</td>\n",
       "      <td>1.000000</td>\n",
       "      <td>0.062938</td>\n",
       "      <td>0.763651</td>\n",
       "      <td>-0.391676</td>\n",
       "      <td>0.644779</td>\n",
       "      <td>-0.708027</td>\n",
       "      <td>0.595129</td>\n",
       "      <td>0.720760</td>\n",
       "      <td>0.383248</td>\n",
       "      <td>-0.356977</td>\n",
       "      <td>0.603800</td>\n",
       "      <td>-0.483725</td>\n",
       "    </tr>\n",
       "    <tr>\n",
       "      <th>CHAS</th>\n",
       "      <td>-0.055892</td>\n",
       "      <td>-0.042697</td>\n",
       "      <td>0.062938</td>\n",
       "      <td>1.000000</td>\n",
       "      <td>0.091203</td>\n",
       "      <td>0.091251</td>\n",
       "      <td>0.086518</td>\n",
       "      <td>-0.099176</td>\n",
       "      <td>-0.007368</td>\n",
       "      <td>-0.035587</td>\n",
       "      <td>-0.121515</td>\n",
       "      <td>0.048788</td>\n",
       "      <td>-0.053929</td>\n",
       "      <td>0.175260</td>\n",
       "    </tr>\n",
       "    <tr>\n",
       "      <th>NOX</th>\n",
       "      <td>0.420972</td>\n",
       "      <td>-0.516604</td>\n",
       "      <td>0.763651</td>\n",
       "      <td>0.091203</td>\n",
       "      <td>1.000000</td>\n",
       "      <td>-0.302188</td>\n",
       "      <td>0.731470</td>\n",
       "      <td>-0.769230</td>\n",
       "      <td>0.611441</td>\n",
       "      <td>0.668023</td>\n",
       "      <td>0.188933</td>\n",
       "      <td>-0.380051</td>\n",
       "      <td>0.590879</td>\n",
       "      <td>-0.427321</td>\n",
       "    </tr>\n",
       "    <tr>\n",
       "      <th>RM</th>\n",
       "      <td>-0.219247</td>\n",
       "      <td>0.311991</td>\n",
       "      <td>-0.391676</td>\n",
       "      <td>0.091251</td>\n",
       "      <td>-0.302188</td>\n",
       "      <td>1.000000</td>\n",
       "      <td>-0.240265</td>\n",
       "      <td>0.205246</td>\n",
       "      <td>-0.209847</td>\n",
       "      <td>-0.292048</td>\n",
       "      <td>-0.355501</td>\n",
       "      <td>0.128069</td>\n",
       "      <td>-0.613808</td>\n",
       "      <td>0.695360</td>\n",
       "    </tr>\n",
       "    <tr>\n",
       "      <th>AGE</th>\n",
       "      <td>0.352734</td>\n",
       "      <td>-0.569537</td>\n",
       "      <td>0.644779</td>\n",
       "      <td>0.086518</td>\n",
       "      <td>0.731470</td>\n",
       "      <td>-0.240265</td>\n",
       "      <td>1.000000</td>\n",
       "      <td>-0.747881</td>\n",
       "      <td>0.456022</td>\n",
       "      <td>0.506456</td>\n",
       "      <td>0.261515</td>\n",
       "      <td>-0.273534</td>\n",
       "      <td>0.602339</td>\n",
       "      <td>-0.376955</td>\n",
       "    </tr>\n",
       "    <tr>\n",
       "      <th>DIS</th>\n",
       "      <td>-0.379670</td>\n",
       "      <td>0.664408</td>\n",
       "      <td>-0.708027</td>\n",
       "      <td>-0.099176</td>\n",
       "      <td>-0.769230</td>\n",
       "      <td>0.205246</td>\n",
       "      <td>-0.747881</td>\n",
       "      <td>1.000000</td>\n",
       "      <td>-0.494588</td>\n",
       "      <td>-0.534432</td>\n",
       "      <td>-0.232471</td>\n",
       "      <td>0.291512</td>\n",
       "      <td>-0.496996</td>\n",
       "      <td>0.249929</td>\n",
       "    </tr>\n",
       "    <tr>\n",
       "      <th>RAD</th>\n",
       "      <td>0.625505</td>\n",
       "      <td>-0.311948</td>\n",
       "      <td>0.595129</td>\n",
       "      <td>-0.007368</td>\n",
       "      <td>0.611441</td>\n",
       "      <td>-0.209847</td>\n",
       "      <td>0.456022</td>\n",
       "      <td>-0.494588</td>\n",
       "      <td>1.000000</td>\n",
       "      <td>0.910228</td>\n",
       "      <td>0.464741</td>\n",
       "      <td>-0.444413</td>\n",
       "      <td>0.488676</td>\n",
       "      <td>-0.381626</td>\n",
       "    </tr>\n",
       "    <tr>\n",
       "      <th>TAX</th>\n",
       "      <td>0.582764</td>\n",
       "      <td>-0.314563</td>\n",
       "      <td>0.720760</td>\n",
       "      <td>-0.035587</td>\n",
       "      <td>0.668023</td>\n",
       "      <td>-0.292048</td>\n",
       "      <td>0.506456</td>\n",
       "      <td>-0.534432</td>\n",
       "      <td>0.910228</td>\n",
       "      <td>1.000000</td>\n",
       "      <td>0.460853</td>\n",
       "      <td>-0.441808</td>\n",
       "      <td>0.543993</td>\n",
       "      <td>-0.468536</td>\n",
       "    </tr>\n",
       "    <tr>\n",
       "      <th>PTRATIO</th>\n",
       "      <td>0.289946</td>\n",
       "      <td>-0.391679</td>\n",
       "      <td>0.383248</td>\n",
       "      <td>-0.121515</td>\n",
       "      <td>0.188933</td>\n",
       "      <td>-0.355501</td>\n",
       "      <td>0.261515</td>\n",
       "      <td>-0.232471</td>\n",
       "      <td>0.464741</td>\n",
       "      <td>0.460853</td>\n",
       "      <td>1.000000</td>\n",
       "      <td>-0.177383</td>\n",
       "      <td>0.374044</td>\n",
       "      <td>-0.507787</td>\n",
       "    </tr>\n",
       "    <tr>\n",
       "      <th>B</th>\n",
       "      <td>-0.385064</td>\n",
       "      <td>0.175520</td>\n",
       "      <td>-0.356977</td>\n",
       "      <td>0.048788</td>\n",
       "      <td>-0.380051</td>\n",
       "      <td>0.128069</td>\n",
       "      <td>-0.273534</td>\n",
       "      <td>0.291512</td>\n",
       "      <td>-0.444413</td>\n",
       "      <td>-0.441808</td>\n",
       "      <td>-0.177383</td>\n",
       "      <td>1.000000</td>\n",
       "      <td>-0.366087</td>\n",
       "      <td>0.333461</td>\n",
       "    </tr>\n",
       "    <tr>\n",
       "      <th>LSTAT</th>\n",
       "      <td>0.455621</td>\n",
       "      <td>-0.412995</td>\n",
       "      <td>0.603800</td>\n",
       "      <td>-0.053929</td>\n",
       "      <td>0.590879</td>\n",
       "      <td>-0.613808</td>\n",
       "      <td>0.602339</td>\n",
       "      <td>-0.496996</td>\n",
       "      <td>0.488676</td>\n",
       "      <td>0.543993</td>\n",
       "      <td>0.374044</td>\n",
       "      <td>-0.366087</td>\n",
       "      <td>1.000000</td>\n",
       "      <td>-0.737663</td>\n",
       "    </tr>\n",
       "    <tr>\n",
       "      <th>MEDV</th>\n",
       "      <td>-0.388305</td>\n",
       "      <td>0.360445</td>\n",
       "      <td>-0.483725</td>\n",
       "      <td>0.175260</td>\n",
       "      <td>-0.427321</td>\n",
       "      <td>0.695360</td>\n",
       "      <td>-0.376955</td>\n",
       "      <td>0.249929</td>\n",
       "      <td>-0.381626</td>\n",
       "      <td>-0.468536</td>\n",
       "      <td>-0.507787</td>\n",
       "      <td>0.333461</td>\n",
       "      <td>-0.737663</td>\n",
       "      <td>1.000000</td>\n",
       "    </tr>\n",
       "  </tbody>\n",
       "</table>\n",
       "</div>"
      ],
      "text/plain": [
       "             CRIM        ZN     INDUS      CHAS       NOX        RM       AGE  \\\n",
       "CRIM     1.000000 -0.200469  0.406583 -0.055892  0.420972 -0.219247  0.352734   \n",
       "ZN      -0.200469  1.000000 -0.533828 -0.042697 -0.516604  0.311991 -0.569537   \n",
       "INDUS    0.406583 -0.533828  1.000000  0.062938  0.763651 -0.391676  0.644779   \n",
       "CHAS    -0.055892 -0.042697  0.062938  1.000000  0.091203  0.091251  0.086518   \n",
       "NOX      0.420972 -0.516604  0.763651  0.091203  1.000000 -0.302188  0.731470   \n",
       "RM      -0.219247  0.311991 -0.391676  0.091251 -0.302188  1.000000 -0.240265   \n",
       "AGE      0.352734 -0.569537  0.644779  0.086518  0.731470 -0.240265  1.000000   \n",
       "DIS     -0.379670  0.664408 -0.708027 -0.099176 -0.769230  0.205246 -0.747881   \n",
       "RAD      0.625505 -0.311948  0.595129 -0.007368  0.611441 -0.209847  0.456022   \n",
       "TAX      0.582764 -0.314563  0.720760 -0.035587  0.668023 -0.292048  0.506456   \n",
       "PTRATIO  0.289946 -0.391679  0.383248 -0.121515  0.188933 -0.355501  0.261515   \n",
       "B       -0.385064  0.175520 -0.356977  0.048788 -0.380051  0.128069 -0.273534   \n",
       "LSTAT    0.455621 -0.412995  0.603800 -0.053929  0.590879 -0.613808  0.602339   \n",
       "MEDV    -0.388305  0.360445 -0.483725  0.175260 -0.427321  0.695360 -0.376955   \n",
       "\n",
       "              DIS       RAD       TAX   PTRATIO         B     LSTAT      MEDV  \n",
       "CRIM    -0.379670  0.625505  0.582764  0.289946 -0.385064  0.455621 -0.388305  \n",
       "ZN       0.664408 -0.311948 -0.314563 -0.391679  0.175520 -0.412995  0.360445  \n",
       "INDUS   -0.708027  0.595129  0.720760  0.383248 -0.356977  0.603800 -0.483725  \n",
       "CHAS    -0.099176 -0.007368 -0.035587 -0.121515  0.048788 -0.053929  0.175260  \n",
       "NOX     -0.769230  0.611441  0.668023  0.188933 -0.380051  0.590879 -0.427321  \n",
       "RM       0.205246 -0.209847 -0.292048 -0.355501  0.128069 -0.613808  0.695360  \n",
       "AGE     -0.747881  0.456022  0.506456  0.261515 -0.273534  0.602339 -0.376955  \n",
       "DIS      1.000000 -0.494588 -0.534432 -0.232471  0.291512 -0.496996  0.249929  \n",
       "RAD     -0.494588  1.000000  0.910228  0.464741 -0.444413  0.488676 -0.381626  \n",
       "TAX     -0.534432  0.910228  1.000000  0.460853 -0.441808  0.543993 -0.468536  \n",
       "PTRATIO -0.232471  0.464741  0.460853  1.000000 -0.177383  0.374044 -0.507787  \n",
       "B        0.291512 -0.444413 -0.441808 -0.177383  1.000000 -0.366087  0.333461  \n",
       "LSTAT   -0.496996  0.488676  0.543993  0.374044 -0.366087  1.000000 -0.737663  \n",
       "MEDV     0.249929 -0.381626 -0.468536 -0.507787  0.333461 -0.737663  1.000000  "
      ]
     },
     "execution_count": 5,
     "metadata": {},
     "output_type": "execute_result"
    }
   ],
   "source": [
    "bostonDF.corr()"
   ]
  },
  {
   "cell_type": "code",
   "execution_count": 6,
   "metadata": {
    "id": "aXumG8hy9vw3"
   },
   "outputs": [],
   "source": [
    "from sklearn.model_selection import train_test_split\n",
    "\n",
    "y_target = bostonDF.iloc[:, -1]\n",
    "X_data = bostonDF.iloc[:, :-1]\n",
    "X_train , X_test , y_train , y_test = train_test_split(X_data , y_target ,\n",
    "                                                       test_size=0.2, random_state=156)\n"
   ]
  },
  {
   "cell_type": "code",
   "execution_count": 7,
   "metadata": {
    "colab": {
     "base_uri": "https://localhost:8080/"
    },
    "executionInfo": {
     "elapsed": 267,
     "status": "ok",
     "timestamp": 1692837366424,
     "user": {
      "displayName": "juwan kim",
      "userId": "10222698341359038601"
     },
     "user_tz": -540
    },
    "id": "-ECyrn8L9_zL",
    "outputId": "6e2b0d51-4a8f-4549-c5e5-e9f27db5d60c"
   },
   "outputs": [
    {
     "name": "stdout",
     "output_type": "stream",
     "text": [
      "(404, 13) (102, 13) (404,) (102,)\n"
     ]
    }
   ],
   "source": [
    "print(X_train.shape, X_test.shape, y_train.shape, y_test.shape)"
   ]
  },
  {
   "cell_type": "code",
   "execution_count": 8,
   "metadata": {
    "colab": {
     "base_uri": "https://localhost:8080/"
    },
    "executionInfo": {
     "elapsed": 388,
     "status": "ok",
     "timestamp": 1692837548327,
     "user": {
      "displayName": "juwan kim",
      "userId": "10222698341359038601"
     },
     "user_tz": -540
    },
    "id": "yhkJYp5c-EgX",
    "outputId": "0b1b7c37-2a57-4faf-8e69-734a9bc23303"
   },
   "outputs": [
    {
     "name": "stdout",
     "output_type": "stream",
     "text": [
      "MAE : 3.270566392582192\n",
      "MSE : 18.140266604383104\n",
      "RMSE : 4.259139185842969\n",
      "R2 : 0.7854511954574204\n"
     ]
    }
   ],
   "source": [
    "from sklearn.linear_model import LinearRegression\n",
    "from sklearn.metrics import mean_absolute_error, mean_squared_error, r2_score\n",
    "import numpy as np\n",
    "\n",
    "lr_reg = LinearRegression()\n",
    "\n",
    "lr_reg.fit(X_train, y_train)\n",
    "\n",
    "pred = lr_reg.predict(X_test)\n",
    "\n",
    "print('MAE :', mean_absolute_error(y_test, pred))\n",
    "print('MSE :', mean_squared_error(y_test, pred))\n",
    "print('RMSE :', np.sqrt(mean_squared_error(y_test, pred)))\n",
    "print('R2 :', r2_score(y_test, pred))"
   ]
  },
  {
   "cell_type": "code",
   "execution_count": 9,
   "metadata": {
    "colab": {
     "base_uri": "https://localhost:8080/"
    },
    "executionInfo": {
     "elapsed": 386,
     "status": "ok",
     "timestamp": 1692837781273,
     "user": {
      "displayName": "juwan kim",
      "userId": "10222698341359038601"
     },
     "user_tz": -540
    },
    "id": "b3Qxnrk8_oK9",
    "outputId": "bc8ed5b0-ba0d-4e3a-bf4e-d4a66cef8cb0"
   },
   "outputs": [
    {
     "data": {
      "text/plain": [
       "Index(['CRIM', 'ZN', 'INDUS', 'CHAS', 'NOX', 'RM', 'AGE', 'DIS', 'RAD', 'TAX',\n",
       "       'PTRATIO', 'B', 'LSTAT'],\n",
       "      dtype='object')"
      ]
     },
     "execution_count": 9,
     "metadata": {},
     "output_type": "execute_result"
    }
   ],
   "source": [
    "X_train.columns"
   ]
  },
  {
   "cell_type": "code",
   "execution_count": 10,
   "metadata": {
    "colab": {
     "base_uri": "https://localhost:8080/"
    },
    "executionInfo": {
     "elapsed": 380,
     "status": "ok",
     "timestamp": 1692837825101,
     "user": {
      "displayName": "juwan kim",
      "userId": "10222698341359038601"
     },
     "user_tz": -540
    },
    "id": "CTwPFUCB-w4u",
    "outputId": "61cef0fb-c634-4061-f1c3-befd4cc1bebe"
   },
   "outputs": [
    {
     "data": {
      "text/plain": [
       "np.float64(39.29051011945255)"
      ]
     },
     "execution_count": 10,
     "metadata": {},
     "output_type": "execute_result"
    }
   ],
   "source": [
    "# y = a1*x1 + a2*x2 + ... + an*xn + b\n",
    "lr_reg.intercept_ # == b"
   ]
  },
  {
   "cell_type": "code",
   "execution_count": 11,
   "metadata": {
    "colab": {
     "base_uri": "https://localhost:8080/"
    },
    "executionInfo": {
     "elapsed": 392,
     "status": "ok",
     "timestamp": 1692837889576,
     "user": {
      "displayName": "juwan kim",
      "userId": "10222698341359038601"
     },
     "user_tz": -540
    },
    "id": "K8OdqDEC_0de",
    "outputId": "ae6a61a8-c46e-450d-b260-28dc9bf0cf19"
   },
   "outputs": [
    {
     "data": {
      "text/plain": [
       "array([-1.26922243e-01,  6.41812066e-02,  3.92889954e-02,  2.75649142e+00,\n",
       "       -2.00898224e+01,  3.44900195e+00,  5.95889045e-03, -1.64557096e+00,\n",
       "        3.28500267e-01, -1.31602465e-02, -8.84454934e-01,  9.24218918e-03,\n",
       "       -5.44123065e-01])"
      ]
     },
     "execution_count": 11,
     "metadata": {},
     "output_type": "execute_result"
    }
   ],
   "source": [
    "lr_reg.coef_ # == a"
   ]
  },
  {
   "cell_type": "code",
   "execution_count": 12,
   "metadata": {
    "colab": {
     "base_uri": "https://localhost:8080/"
    },
    "executionInfo": {
     "elapsed": 269,
     "status": "ok",
     "timestamp": 1692838137375,
     "user": {
      "displayName": "juwan kim",
      "userId": "10222698341359038601"
     },
     "user_tz": -540
    },
    "id": "PaQ8gVacAEMm",
    "outputId": "76f13bfa-5284-4c14-8688-cd729ea26517"
   },
   "outputs": [
    {
     "data": {
      "text/plain": [
       "np.float64(-1.0970648564066607)"
      ]
     },
     "execution_count": 12,
     "metadata": {},
     "output_type": "execute_result"
    }
   ],
   "source": [
    "# Difference between prediction and actual value\n",
    "y_test.iloc[0] - pred[0]"
   ]
  },
  {
   "cell_type": "code",
   "execution_count": 13,
   "metadata": {
    "colab": {
     "base_uri": "https://localhost:8080/"
    },
    "executionInfo": {
     "elapsed": 417,
     "status": "ok",
     "timestamp": 1692838635422,
     "user": {
      "displayName": "juwan kim",
      "userId": "10222698341359038601"
     },
     "user_tz": -540
    },
    "id": "bjWonSm8Bopa",
    "outputId": "a98dd0cb-4669-4416-9720-528a23f4d2a3"
   },
   "outputs": [
    {
     "data": {
      "text/plain": [
       "array([-20.54665906, -29.75379835, -25.99966481, -33.29574823,\n",
       "       -16.91637163])"
      ]
     },
     "execution_count": 13,
     "metadata": {},
     "output_type": "execute_result"
    }
   ],
   "source": [
    "# Cross value evaluation\n",
    "from sklearn.model_selection import cross_val_score\n",
    "\n",
    "lr_reg = LinearRegression()\n",
    "\n",
    "# Square the negative to check the highest evaluation ratign\n",
    "\n",
    "score = cross_val_score(lr_reg, X_train, y_train, scoring = 'neg_mean_squared_error', cv = 5)\n",
    "score"
   ]
  },
  {
   "cell_type": "code",
   "execution_count": 14,
   "metadata": {
    "colab": {
     "base_uri": "https://localhost:8080/"
    },
    "executionInfo": {
     "elapsed": 419,
     "status": "ok",
     "timestamp": 1692838683924,
     "user": {
      "displayName": "juwan kim",
      "userId": "10222698341359038601"
     },
     "user_tz": -540
    },
    "id": "t5_eLgeGC6Rc",
    "outputId": "6cb998af-1458-426d-92b4-2e4d50b0f2a6"
   },
   "outputs": [
    {
     "data": {
      "text/plain": [
       "np.float64(5.030153915711199)"
      ]
     },
     "execution_count": 14,
     "metadata": {},
     "output_type": "execute_result"
    }
   ],
   "source": [
    "np.sqrt(-1 * score.mean())"
   ]
  },
  {
   "cell_type": "code",
   "execution_count": 15,
   "metadata": {
    "colab": {
     "base_uri": "https://localhost:8080/"
    },
    "executionInfo": {
     "elapsed": 239,
     "status": "ok",
     "timestamp": 1692838749375,
     "user": {
      "displayName": "juwan kim",
      "userId": "10222698341359038601"
     },
     "user_tz": -540
    },
    "id": "yVKBTFC_C_oe",
    "outputId": "1f140733-7f0f-4741-be49-a639e0ac241c"
   },
   "outputs": [
    {
     "data": {
      "text/plain": [
       "[np.float64(4.532842271859498),\n",
       " np.float64(5.454704239949329),\n",
       " np.float64(5.098986645778324),\n",
       " np.float64(5.770246808406275),\n",
       " np.float64(4.1129516928961705)]"
      ]
     },
     "execution_count": 15,
     "metadata": {},
     "output_type": "execute_result"
    }
   ],
   "source": [
    "score2 = []\n",
    "for s in score:\n",
    "  score2.append(np.sqrt(-1 * s))\n",
    "score2"
   ]
  },
  {
   "cell_type": "code",
   "execution_count": 16,
   "metadata": {
    "id": "SsYZpAMdHp5b"
   },
   "outputs": [],
   "source": [
    "from sklearn.preprocessing import PolynomialFeatures\n",
    "\n",
    "poly = PolynomialFeatures(degree=2, include_bias=False)\n",
    "\n",
    "poly.fit(X_data)\n",
    "\n",
    "X_train_poly = poly.transform(X_train)\n",
    "X_test_poly = poly.transform(X_test)"
   ]
  },
  {
   "cell_type": "code",
   "execution_count": 17,
   "metadata": {
    "colab": {
     "base_uri": "https://localhost:8080/"
    },
    "executionInfo": {
     "elapsed": 398,
     "status": "ok",
     "timestamp": 1692840159944,
     "user": {
      "displayName": "juwan kim",
      "userId": "10222698341359038601"
     },
     "user_tz": -540
    },
    "id": "DQ_Hf9b2IiGl",
    "outputId": "0f04b7d5-12de-4985-b769-915a2eda9d6a"
   },
   "outputs": [
    {
     "data": {
      "text/plain": [
       "(404, 104)"
      ]
     },
     "execution_count": 17,
     "metadata": {},
     "output_type": "execute_result"
    }
   ],
   "source": [
    "X_train_poly.shape"
   ]
  },
  {
   "cell_type": "code",
   "execution_count": 18,
   "metadata": {
    "id": "e2onTx__Ijjt"
   },
   "outputs": [],
   "source": [
    "from sklearn.linear_model import Ridge, Lasso, ElasticNet\n",
    "\n",
    "ridge = Ridge(alpha=0.1)  # alpha : L2\n",
    "lasso = Lasso(alpha=0.1)  # alpha : L1\n",
    "ela = ElasticNet(alpha=0.1, l1_ratio=0.1) # alpha : L2, l1_ratio : L1"
   ]
  },
  {
   "cell_type": "code",
   "execution_count": 19,
   "metadata": {
    "colab": {
     "base_uri": "https://localhost:8080/"
    },
    "executionInfo": {
     "elapsed": 372,
     "status": "ok",
     "timestamp": 1692842148385,
     "user": {
      "displayName": "juwan kim",
      "userId": "10222698341359038601"
     },
     "user_tz": -540
    },
    "id": "lmqjTVrzO21X",
    "outputId": "b67e6be6-b09b-4b24-e1fc-6030b3f9a61f"
   },
   "outputs": [
    {
     "name": "stdout",
     "output_type": "stream",
     "text": [
      "## LR ###\n",
      "MAE : 2.62690004098435\n",
      "MSE : 14.339080762927322\n",
      "RMSE : 3.786697870563127\n",
      "R2 : 0.8304086316359749\n",
      "## RIDGE ###\n",
      "MAE : 2.5158827489824445\n",
      "MSE : 14.712177610874367\n",
      "RMSE : 3.8356456576271962\n",
      "R2 : 0.8259959355906863\n",
      "## LASSO ###\n",
      "MAE : 2.60108622350983\n",
      "MSE : 10.879364396845899\n",
      "RMSE : 3.298388151331783\n",
      "R2 : 0.8713274354544269\n",
      "## ELASTICNET ###\n",
      "MAE : 2.665621994228786\n",
      "MSE : 11.687261096986914\n",
      "RMSE : 3.4186636419786773\n",
      "R2 : 0.8617722687642488\n"
     ]
    },
    {
     "name": "stderr",
     "output_type": "stream",
     "text": [
      "/opt/anaconda3/lib/python3.12/site-packages/sklearn/linear_model/_coordinate_descent.py:695: ConvergenceWarning: Objective did not converge. You might want to increase the number of iterations, check the scale of the features or consider increasing regularisation. Duality gap: 1.936e+03, tolerance: 3.402e+00\n",
      "  model = cd_fast.enet_coordinate_descent(\n",
      "/opt/anaconda3/lib/python3.12/site-packages/sklearn/linear_model/_coordinate_descent.py:695: ConvergenceWarning: Objective did not converge. You might want to increase the number of iterations, check the scale of the features or consider increasing regularisation. Duality gap: 1.825e+03, tolerance: 3.402e+00\n",
      "  model = cd_fast.enet_coordinate_descent(\n"
     ]
    }
   ],
   "source": [
    "print('## LR ###')\n",
    "lr_reg.fit(X_train_poly, y_train)\n",
    "pred = lr_reg.predict(X_test_poly)\n",
    "print('MAE :', mean_absolute_error(y_test, pred))\n",
    "print('MSE :', mean_squared_error(y_test, pred))\n",
    "print('RMSE :', np.sqrt(mean_squared_error(y_test, pred)))\n",
    "print('R2 :', r2_score(y_test, pred))\n",
    "\n",
    "print('## RIDGE ###')\n",
    "ridge.fit(X_train_poly, y_train)\n",
    "pred = ridge.predict(X_test_poly)\n",
    "print('MAE :', mean_absolute_error(y_test, pred))\n",
    "print('MSE :', mean_squared_error(y_test, pred))\n",
    "print('RMSE :', np.sqrt(mean_squared_error(y_test, pred)))\n",
    "print('R2 :', r2_score(y_test, pred))\n",
    "\n",
    "print('## LASSO ###')\n",
    "lasso.fit(X_train_poly, y_train)\n",
    "pred = lasso.predict(X_test_poly)\n",
    "print('MAE :', mean_absolute_error(y_test, pred))\n",
    "print('MSE :', mean_squared_error(y_test, pred))\n",
    "print('RMSE :', np.sqrt(mean_squared_error(y_test, pred)))\n",
    "print('R2 :', r2_score(y_test, pred))\n",
    "\n",
    "print('## ELASTICNET ###')\n",
    "ela.fit(X_train_poly, y_train)\n",
    "pred = ela.predict(X_test_poly)\n",
    "print('MAE :', mean_absolute_error(y_test, pred))\n",
    "print('MSE :', mean_squared_error(y_test, pred))\n",
    "print('RMSE :', np.sqrt(mean_squared_error(y_test, pred)))\n",
    "print('R2 :', r2_score(y_test, pred))"
   ]
  },
  {
   "cell_type": "code",
   "execution_count": 20,
   "metadata": {
    "id": "sxEFgpbfP9UE"
   },
   "outputs": [],
   "source": [
    "import numpy as np\n",
    "import matplotlib.pyplot as plt\n",
    "from sklearn.preprocessing import PolynomialFeatures\n",
    "from sklearn.linear_model import LinearRegression\n",
    "from sklearn.linear_model import Ridge, Lasso, ElasticNet\n",
    "from sklearn.model_selection import cross_val_score"
   ]
  },
  {
   "cell_type": "code",
   "execution_count": 21,
   "metadata": {
    "id": "3vKv1FuwQvQw"
   },
   "outputs": [],
   "source": [
    "def true_fun(X):\n",
    "  return np.cos(1.5 * np.pi * X)\n",
    "\n",
    "np.random.seed(0)\n",
    "n_samples = 30\n",
    "X = np.sort(np.random.rand(n_samples))\n",
    "y = true_fun(X) + np.random.randn(n_samples) * 0.1\n"
   ]
  },
  {
   "cell_type": "code",
   "execution_count": 22,
   "metadata": {
    "id": "hpEisLoPQ-xL"
   },
   "outputs": [],
   "source": [
    "def Polynomial_Regression(model, X, y, true_fun, degrees = [1, 4, 15] ):\n",
    "  plt.figure(figsize = (14, 5))\n",
    "  for i in range(len(degrees)):\n",
    "    ax = plt.subplot(1, len(degrees), i+1)\n",
    "    plt.setp(ax, xticks=(), yticks=())\n",
    "    # Polynomial_features\n",
    "    polynomial_features = PolynomialFeatures(degree = degrees[i], include_bias = False)\n",
    "    polynomial_features.fit(X.reshape(-1, 1))\n",
    "    X_degree = polynomial_features.transform(X.reshape(-1, 1))\n",
    "    # model fit\n",
    "    model.fit(X_degree, y)\n",
    "    # cross evaluation\n",
    "    scores = cross_val_score(model, X_degree, y, scoring='neg_mean_squared_error', cv = 10)\n",
    "    coeff = model.coef_\n",
    "    print('\\nDegree {} regression coeefficient is {}.'.format(degrees[i], np.round(coeff, 2)))\n",
    "    print('Degree {} RMSE is {}.'.format(degrees[i], np.sqrt(-1*np.mean(scores))))\n",
    "    X_test = np.linspace(0, 1, 100)\n",
    "    X_test_poly = polynomial_features.transform(X_test[:, np.newaxis])\n",
    "    plt.plot(X_test, model.predict(X_test_poly), label = 'Model')\n",
    "    plt.plot(X_test, true_fun(X_test), '--', label='True Function')\n",
    "    plt.scatter(X, y, edgecolor = 'b', s = 20, label = 'Samples')\n",
    "    plt.xlabel('X')\n",
    "    plt.ylabel('y')\n",
    "    plt.xlim((0, 1))\n",
    "    plt.ylim((-2, 2))\n",
    "    plt.legend(loc = 'best')\n",
    "    plt.title('Degree {} \\n MSE = {:.2e}(+/- {:.2e})'.format(degrees[i], -scores.mean(), scores.std()))\n",
    "  plt.show()\n"
   ]
  },
  {
   "cell_type": "code",
   "execution_count": 23,
   "metadata": {
    "colab": {
     "base_uri": "https://localhost:8080/",
     "height": 584
    },
    "executionInfo": {
     "elapsed": 740,
     "status": "ok",
     "timestamp": 1692843217900,
     "user": {
      "displayName": "juwan kim",
      "userId": "10222698341359038601"
     },
     "user_tz": -540
    },
    "id": "B_P1VSw5RRqI",
    "outputId": "8c05a168-707a-46c8-e9fb-009960143ec3"
   },
   "outputs": [
    {
     "name": "stdout",
     "output_type": "stream",
     "text": [
      "\n",
      "Degree 1 regression coeefficient is [-0.].\n",
      "Degree 1 RMSE is 0.7226135548825228.\n",
      "\n",
      "Degree 4 regression coeefficient is [-0. -0. -0. -0.].\n",
      "Degree 4 RMSE is 0.7226135548825228.\n",
      "\n",
      "Degree 15 regression coeefficient is [-0. -0. -0. -0. -0. -0. -0. -0. -0.  0.  0.  0.  0.  0.  0.].\n",
      "Degree 15 RMSE is 0.7226135548825228.\n"
     ]
    },
    {
     "data": {
